[gd_scene load_steps=2 format=3 uid="uid://ds3bhyj36irsu"]

[ext_resource type="PackedScene" uid="uid://bqs8peheyatx1" path="res://entity/fish/Fish.tscn" id="1_0nenp"]

[node name="SchoolOfFish" type="Node3D"]

[node name="Fish" parent="." instance=ExtResource("1_0nenp")]
transform = Transform3D(1, 0, 0, 0, 1, 0, 0, 0, 1, 4.27285, 1.96646, -2.09676)

[node name="Fish2" parent="." instance=ExtResource("1_0nenp")]
transform = Transform3D(0.987865, 0, 0.155314, 0, 1, 0, -0.155314, 0, 0.987865, 1.15165, 1.20806, -2.09676)

[node name="Fish3" parent="." instance=ExtResource("1_0nenp")]
transform = Transform3D(0.999555, 0, 0.0298407, 0, 1, 0, -0.0298407, 0, 0.999555, 3.44005, 2.68596, 1.67149)

[node name="Fish4" parent="." instance=ExtResource("1_0nenp")]
transform = Transform3D(1, 0, 0, 0, 1, 0, 0, 0, 1, -4.81865, -2.70304, 1.67149)

[node name="Fish5" parent="." instance=ExtResource("1_0nenp")]
transform = Transform3D(0.991945, 0, -0.126666, 0, 1, 0, 0.126666, 0, 0.991945, 1.86327, 3.89402, 0.689058)

[node name="Fish6" parent="." instance=ExtResource("1_0nenp")]
transform = Transform3D(0.991945, 0, -0.126666, 0, 1, 0, 0.126666, 0, 0.991945, 3.65593, 5.37192, 4.71682)

[node name="Fish7" parent="." instance=ExtResource("1_0nenp")]
transform = Transform3D(0.991945, 0, -0.126666, 0, 1, 0, 0.126666, 0, 0.991945, -4.53625, -0.017086, 3.67072)
